SIMPLE  = T
BITPIX  = -64
NAXIS   = 2
NAXIS1  = 6000
NAXIS2  = 6000
CTYPE1  = 'RA---TAN'
CTYPE2  = 'DEC--TAN'
CRVAL1  =  202.5
CRVAL2  =   47.2
CDELT1  =   -0.00011
CDELT2  =    0.00011
CRPIX1  =      3000.5
CRPIX2  =      3000.5
CROTA2  =   -13.036
END
